num -> 2582
Contour.size() -> 2582
biSizeImage -> 8604
width = 260 height = 239 biBitCount = 1
find the nearest centroid of each point : 
update the centroids:
find the nearest centroid of each point : 
update the centroids:
find the nearest centroid of each point : 
update the centroids:
find the nearest centroid of each point : 
update the centroids:
15 84 -> 19 84 5024
5
19 84 -> 16 84 4244
4
21 83 -> 24 83 6323
4
26 83 -> 23 83 6063
4
29 83 -> 25 83 6583
5
31 83 -> 28 83 7363
4
31 207 -> 34 207 9047
4
32 207 -> 35 207 9307
4
33 83 -> 30 83 7883
4
34 207 -> 31 207 8267
4
35 207 -> 32 207 8527
4
37 207 -> 34 207 9047
4
40 83 -> 43 83 11263
4
43 207 -> 46 208 12168
4
46 84 -> 43 84 11264
4
49 84 -> 52 85 13605
4
51 208 -> 54 208 14248
4
53 208 -> 50 208 13208
4
54 85 -> 57 85 14905
4
56 85 -> 53 85 13865
4
62 85 -> 65 86 16986
4
64 208 -> 67 209 17629
4
71 86 -> 74 86 19326
4
73 86 -> 70 86 18286
4
83 86 -> 86 87 22447
4
83 209 -> 86 209 22569
4
85 209 -> 82 209 21529
4
100 86 -> 103 86 26866
4
100 136 -> 108 134 28214
9
108 134 -> 105 135 27435
4
113 133 -> 110 133 28733
4
113 166 -> 119 166 31106
7
116 19 -> 129 18 33558
14
117 19 -> 120 19 31219
4
119 166 -> 116 166 30326
4
124 167 -> 121 167 31627
4
125 30 -> 127 37 33057
8
126 168 -> 123 167 32147
4
127 130 -> 130 129 33929
4
129 18 -> 126 18 32778
4
129 41 -> 128 38 33318
4
129 130 -> 126 130 32890
4
130 129 -> 133 129 34709
4
135 127 -> 132 128 34448
4
135 171 -> 138 172 36052
4
136 54 -> 142 51 36971
7
138 172 -> 135 171 35271
4
142 51 -> 139 51 36191
4
142 141 -> 144 145 37585
5
142 173 -> 138 172 36052
5
143 143 -> 145 148 37848
6
144 145 -> 143 142 37322
4
144 173 -> 141 173 36833
4
147 170 -> 144 173 37613
4
148 155 -> 149 160 38900
6
148 164 -> 148 168 38648
5
148 168 -> 148 165 38645
4
149 160 -> 148 157 38637
4
149 166 -> 150 163 39163
4
150 163 -> 149 160 38900
4
152 52 -> 149 52 38792
4
157 114 -> 160 116 41716
4
157 116 -> 160 116 41716
4
158 55 -> 152 52 39572
7
160 114 -> 167 118 43538
8
160 116 -> 157 116 40936
4
162 87 -> 172 86 44806
11
162 114 -> 159 114 41454
4
169 56 -> 175 57 45557
7
169 118 -> 166 117 43277
4
169 209 -> 173 209 45189
5
171 117 -> 168 118 43798
4
171 208 -> 168 209 43889
4
172 86 -> 169 86 44026
4
172 117 -> 169 118 44058
4
173 209 -> 170 209 44409
4
174 116 -> 171 117 44577
4
177 26 -> 178 30 46310
5
177 27 -> 178 30 46310
4
178 8 -> 169 12 43952
10
178 30 -> 177 27 46047
4
179 32 -> 178 29 46309
4
180 208 -> 177 208 46228
4
181 39 -> 180 36 46836
4
182 43 -> 182 47 47367
5
182 47 -> 182 44 47364
4
182 48 -> 182 45 47365
4
182 204 -> 180 207 47007
4
184 203 -> 183 206 47786
4
184 205 -> 181 205 47265
4
185 202 -> 184 205 48045
4
186 141 -> 186 146 48506
6
186 144 -> 187 148 48768
5
186 146 -> 186 143 48503
4
187 148 -> 186 145 48505
4
187 149 -> 187 146 48766
4
189 157 -> 190 161 49561
5
189 159 -> 189 156 49296
4
190 159 -> 189 156 49296
4
190 161 -> 190 158 49558
4
192 170 -> 190 161 49561
10
194 179 -> 195 184 50884
6
195 184 -> 194 181 50621
4
195 186 -> 195 183 50883
4
196 186 -> 195 183 50883
4
196 188 -> 196 185 51145
4
196 190 -> 196 187 51147
4
197 195 -> 196 189 51149
7
197 197 -> 197 194 51414
4
198 201 -> 197 197 51417
5
198 202 -> 198 199 51679
4
199 205 -> 198 202 51682
4
200 210 -> 201 213 52473
4
201 113 -> 205 114 53414
5
201 212 -> 200 209 52209
4
202 222 -> 203 225 53005
4
202 224 -> 202 221 52741
4
203 231 -> 204 234 53274
4
203 245 -> 204 241 53281
5
204 233 -> 203 230 53010
4
204 241 -> 203 244 53024
4
204 246 -> 204 243 53283
4
208 116 -> 205 115 53415
4
209 245 -> 204 245 53285
6
211 118 -> 208 116 54196
4
212 119 -> 209 117 54457
4
227 106 -> 226 103 58863
4
228 108 -> 227 105 59125
4
230 111 -> 228 108 59388
4
230 113 -> 229 110 59650
4
230 119 -> 230 113 59913
7
Medial axis image is :
...................................................................................................................#.......#........................................................................................................................................
................................................................................................................####.......####.....................................................................................................................................
................................................................................................................#.............###...................................................................................................................................
..............................................................................................................###...............###.................................................................................................................................
.............................................................................................................##...................##................................................................................................................................
............................................................................................................##.....................###..............................................................................................................................
..........................................................................................................###........................##.............................................................................................................................
.........................................................................................................##...........................##............................................................................................................................
........................................................................................................##.....$$$$$$$$$...............#............................................................................................................................
......................................................................................................###....$$$.......................##...........................................................................................................................
....................................................................................................###....$$...........................##..........................................................................................................................
...................................................................................................##....$$..............................##.........................................................................................................................
.................................................................................................###..$$$.................................#.........................................................................................................................
...............................................................................................###....$$..................................##........................................................................................................................
.............................................................................................###....$$..................................###.........................................................................................................................
..........................................................................................####...$$$$........#######...................##...........................................................................................................................
........................................................................############....###.....$$$.......####.....#..................##............................................................................................................................
......................................................................###..........######...............###........#................###.............................................................................................................................
.....................................................................##..............................####.........##...............##...............................................................................................................................
.....................................................................#.............................###............#...............##................................................................................................................................
.....................................................................###.........................###..............#..............##.................................................................................................................................
.......................................................................#......................####...............##.............##..................................................................................................................................
.......................................................................##...................###..................#.............##...................................................................................................................................
........................................................................##........$........##....................#............##....................................................................................................................................
.........................................................................#........$$.......#....................##...........##.....................................................................................................................................
.........................................................................##........$.......#....................#...........##......................................................................................................................................
..........................................................................#........$.......#....................#......$...##...........................................................................................................############................
..........................................................................##.......$.......#...................##.....$...##........................................................................................................#####..........######...........
...........................................................................#.......$.......#...................#.....$$..##.....................................................................................................#####...................####........
...........................................................................#.......$.......#...................#.....$..##..................................................................................................#####....................$.....###......
...........................................................................##......$$......#..................##....$..##...............................................................................................#####........................$.......###....
............................................................................#......$$......#..................#.....$..#.............................................................................................####............................$.........##...
............................................................................#.......$......#..................#....$..##.........................................................................................#####...............................$..........##..
............................................................................#.......$......#.................##...$$.##......................................................................................#####...................................$...........##.
............................................................................##......$......#.................#....$..#...................................................................................#####..........................$$$$$$$$$$$$$$$...........#.
.............................................................................#......$......#.................#....$.##...............................................................................#####......................$$$$$$$$$..........$$$............##
.............................................................................#......$......#................##...$..#............................................................................#####......................$$$$$.................................##
.............................................................................#......$......#................#....$.##.......................................................................######.................$$$$$$$$$......................................#.
.............................................................................#......$......#................#......#....................................................................#####....................$$$..............................................#.
.............................................................................##.....$$.....#................#.....##...............................................................######...................$$$$$................................................##.
..............................................................................#......$.....#...............##.....#............................................................#####...................$$$$$.....................................................#..
..............................................................................#......$.....#...............#.....##.......................................................######................$$$$$$$.........................................................##..
..............................................................................#......$.....#...............#.....#....................................................#####..............$$$$$$$$$..................................................#############...
..............................................................................#......$.....#..............##.....#...............................................######...............$$$$$....................................######################...............
..............................................................................#......$.....#..............#......#..........................................######.................$$$$............................#############....................................
..............................................................................##.....$.....#..............#.....##.....................................######..............................................#########................................................
...............................................................................#.....$.....#..............#.....#.................................######................$$$............................#####........................................................
...............................................................................#.....$.....#.............##.....#............................######.................$$$$......................#####....#............................................................
...............................................................................#.....$.....#.............#......#.......................######................$$$$$$....................#######...##...###..........................................................
..............................................###..............................#.....$.....#.............#......#..................######..................$$$$$...................######..........#.....###........................................................
............................................###.#######........................#.....$.....#.............#......#.............######...................$$$$...................######...............#.......###......................................................
..........................................###.........####.....................#.....$.....#.............#......#............##...................$$$$..$.................#####....................##........##.....................................................
........................................###..............###...................#.....$.....#.............#......##..........##...............$$$$$$..................######.........................#.........###...................................................
......................................###..................###.................##....$$....#.............##......#..........##...................................#####..............................#.....$$....###.................................................
...................................####......................##.................#.....$....#..............#......##..........#...............................#####..................................##.....$$$....##................................................
.................................###..........................###...............#.....$....#..............##......##.........###.........................#####.......................................#.......$$....###..............................................
..............................####.........$$$$$$...............##..............#.....$....#...............#.......#...........####..................#####...........................................#......$$$......##.............................................
.############...............###......$$$.........................##.............#.....$....#...............##......##.............######..........####...............................................##......$$.......##............................................
##..........####.........####.......$$............................##............#.....$....#................#.......##.................############...................................................#........$$......##...........................................
...............#####..####.....$$..................................##...........#.....$....#................##.......##...............................................................................#.........$.......##..........................................
........$..........####.....$$$.....................................##..........#.....$....#.................#....$...#...............................................................................#.........$........#..........................................
........$.................$$$........................................#..........#.....$....#.................#....$$..##..............................................................................#........$$........##.........................................
##.......$...........................#######.............$...........##.........#.....$....#.................##....$...##.............................................................................##........$$........#.........................................
.#.......$.......................#####.....##............$$...........##........#.....$....#..................#.....$...#..............................................................................#........$.........#.........................................
.#........$...................####..........##...........$...........##.........#.....$....#..................##....$...##.............................................................................#.........$........#.........................................
.##.......$................####..............#...........$..........##..........#.....$....#...................#....$....##............................................................................#.........$........#.........................................
..#........$.............###.................#...........$.........##...........##....$....#...................#.....$....#............................................................................#.........$.......##.........................................
..#........$..........####...................#..........$.........##.............#....$....#...................##....$....##...........................................................................##.......$$.......#..........................................
..##........$.........#......................#..........$.........#..............#....$....#....................#....$$....#............................................................................#.......$$.......#..........................................
...#........$.........#......................#..........$........##..............#....$....#....................#.....$....##...........................................................................#........$.......#..........................................
...#........$$........#......................#...................#...............#....$....#....................#.....$$....#...........................................................................#........$.......#..........................................
...##........$........#......................##.................##...............#.....$...#....................#....$$$....##..........................................................................#........$.......#..........................................
....#........$........#.......................#.................#................#.....$...#....................#....$.......#..........................................................................#........$.......#..........................................
....#........$$.......##......................#................##................#.....$...#...###########.....##....$.......#..........................................................................#........$.......#..........................................
....##........$........#......................#................#.................#.....$...#..##.........#######....$........##.........................................................................#........$.......#..........................................
.....#........$........#......................#...............##.................#.....$...#...##...................$.........#.........................................................................##.......$.......#..........................................
.....#........$........#......................#...............#..................#.....$...##...###...............$$..........#..........................................................................#.......$.......#..........................................
.....#........$$.......#......................#..............##..................#.....$....#.....##..............$$..........#..........................................................................#.......$.......#..........................................
.....##........$.......#......................#..............#...................#.....$....#......###............$.$.........#..........................................................................#.......$.......#..........................................
......#.......$$.......#......................#.............##...................#.....$....#........##...........$$$.........#..........................................................................#.......$.......#..........................................
......#........$.......#......................#......$.$....#....................#.....$....#.........##...........$$.........#..........................................................................#.......$......##..........................................
......#........$.......#......................#......$$$....#....................#.....$....#..........###........$.$.........#..................................#####...................................#.......$......#...........................................
......##.......$.......#......................#......$$....##....................#.....$....#............##...................#.................................##...#####...............................#.......$......#...........................................
.......#.......$.......#......................#......$$....#.....................#.....$....#.............##..................#................................##........###.............................#.......$......#...........................................
.......#.......$.......#......................#......$.....#.....................#.....$....#..............##................##..............................###...........####..........................#.......$......#...........................................
.......#.......$.......#......................#......$....##.....................#.....$....#...............##...............#..............................##................###........................##......$......#...........................................
.......#.......$$......#.....................##.....$.....#......................#.....$....#................##.............##............................###...................##........................#......$......#...........................................
.......##.......$......#.....................#......$.....#......................#.....$....#.................##............#...........................###......................###......................#......$......#...........................................
........#......$$......#.....................#......$....##......................#.....$....#..................##..........##.........................###.........$$$..............##.....................#......$......#...........................................
........#.......$......#.....................#.....$$....#.......................#.....$....#...................##........##........................###.......$$$$...$$.............##....................#......$......#...........................................
........#.......$......#.....................#.....$.....#.......................#.....$....#....................##......##.......................###.....$$$$$.....$$$$$............##...................#......$......#...........................................
........#.......$......#.....................#.....$.....#.......................#.....$....#.....................##....##......................###...$$.$................$...........##..................#......$......#...........................................
........##......$......#.....................#.....$....##.......................#.....$....#......................##..##....................####....$.$$..................$...........#..................#......$......#...........................................
.........#......$......#.....................#.....$....#........................#.....$....#.......................####..................####.....$$$......................$..........##.................#......$......#...........................................
.........#......$......#.....................#.....$....#........................#.....$....#..........................................####.....$$$..........................$..........#.................#......$......#...........................................
.........#......$......#.....................#.....$....#........................#.....$....#.................................##########......$$$.........########...........$.........##.................#......$......#...........................................
.........#......$$.....#.....................#.....$...##........................#.....$....#..........................########..............$$........####......##..........$........##..................#......$......#...........................................
.........##.....$$.....#.....................#.....$$..#.........................#.....$....#........................###............................####..........#..........$.......##...................#......$......#...........................................
..........#.....$$.....#.....................#.....$$..#.........................#.....$....#.......................##...........................####.............#..........$......##....................#......$......#...........................................
..........#......$.....#.....................#.....$.$.#.........................#.....$....#.......................#.........................####................#.........$.......#.....................#......$......#...........................................
..........#......$.....#.....................#.....$$$.###.......................#.....$....#.......................#.......................###...................#.........$......##.....................##.....$$.....#...........................................
..........#......$.....#.....................#.....$.$$..##......................#.....$....#.......................##...................####.....................#.........$......#.......................#......$.....#...........................................
..........#......$.....#.....................#........$...###....................#.....$....#........................##.................##........................#........$......##.......................#......$.....#...........................................
..........##.....$$....##...................##..............##...................#.....$....#.........................#........$........#.........................#........$......#........................#......$.....#...........................................
...........#.....$$.....#.................###................##..................#.....$....#.........................##.......$........#.........................#..............##........................#......$.....#...........................................
...........#......$.....#...............###...................##.................#.....$....#..........................##.......$$......##........................#..............#.........................#......$.....#...........................................
...........#......$.....#.............###......................##................#.....$....#...........................#.......$$.......#.......................##.............##.........................#......$.....#...........................................
...........#......$.....#..........####........................##................#.....$....#...........................##.......$.......#.......................#..............#..........................#......$.....#...........................................
...........#......$.....#........###.........................###.................#.....$....#............................#.......$.......#.......................#.............##..........................#......$.....#...........................................
...........##.....$.....#.....####......$$................####...................#.....$....#............................##......$$......#.......................#.......$.....#...........................#......$.....#...........................................
............#.....$.....#...###......$$$...............####......................#.....$....#.............................#.......$......##......................#......$$....##...........................#......$.....#...........................................
............#.....$.....#####.......$$$.............####.........................#.....$....#.............................#.......$.......#......................#......$.....#............................#......$.....#...........................................
............#.....$.............$$$$.............####............................#.....$....#.............................##......$.......#......................#......$.....#............................#......$.....#...........................................
............#.....$...........$$.............#####...............................#.....$....#..............................#......$$......#......................#......$....##............................#......$.....#...........................................
............#.....$.......................####...................................#.....$....#..............................#.......$......#.....................##.....$.....#.............................#......$.....#...........................................
............##....$...................#####......................................#.....$....#..............................##......$......#.....................#......$....##.............................#......$.....#...........................................
.............#.....$..............#####..........................................#.....$....#...............................#......$......#.....................#.....$$....#..............................#......$.....#...........................................
.............#.....$..........#####..............................................#.....$....#...............................#.......$.....##....................#.....$$....#..............................#......$.....#...........................................
.............#.....$.......####..................................................#.....$....#...............................#......$$......#....................#.....$....##..............................#......$.....#...........................................
.............#.....$....####.....................................................#.....$....#...............................##......$......#....................#.....$....#...............................#......$....##...........................................
.............#.....$....#........................................................#.....$....#................................#......$......#....................#.....$....#...............................#.....$.....#............................................
.............#.....$....#........................................................#.....$....#................................#......$......#...................##....$$...##...............................#.....$.....#............................................
.............##....$....#........................................................#.....$....#................................#......$......#...................#.....$$...#................................#.....$.....#............................................
..............#.........#........................................................#.....$....#................................#......$$.....#...................#.....$$...#................................#.....$.....#............................................
..............#.........#........................................................#.....$....#................................##......$.....##..................#.....$$...#................................#.....$.....#............................................
..............#.........#........................................................#.....$....#.................................#......$......#..................#......$...###..............................#.....$.....#............................................
..............#.........#........................................................#.....$....#.................................#......$......#..................#............##.............................#.....$.....#............................................
..............#.........#........................................................#.....$....#.................................##.....$$.....#................###.............##............................#.....$.....#............................................
..............##........#........................................................#.....$....#..................................#.....$$.....#.............####................##...........................#.....$.....#............................................
...............#........#........................................................#.....$....#..................................#......$.....#..........####....................#...........................#.....$.....#............................................
...............#.......##........................................................#.....$....#..................................##.....$.....#.......####.......................##..........................#.....$.....#............................................
...............#.......#.........................................................#.....$....#...................................#.....$.....#...#####.........................###..........................#.....$.....#............................................
...............##......#.........................................................#.....$....#...................................#......$....#####..........................####............................#.....$.....#............................................
................#.....##.........................................................#.....$....#...................................##.....$.............................#######...............................#.....$.....#............................................
................##....#..........................................................#.....$....#....................................#.....$.......................#######.....................................#.....$.....#............................................
.................#...##..........................................................#....$$....#....................................##....$..................######...........................................#.....$.....#............................................
.................#####..........................................................##....$$....#.....................................#.....$............######................................................#.....$.....#............................................
................................................................................#.....$.....#.....................................#.....$........#####.....................................................#.....$.....#............................................
................................................................................#.....$.....##....................................##....$....#####.........................................................#.....$.....#............................................
................................................................................#......$.....#.....................................#.........#.............................................................#.....$.....#............................................
................................................................................#......$.....#.....................................##........#.............................................................#.....$.....#............................................
................................................................................#......$.....#......................................#........#.............................................................#.....$.....#............................................
................................................................................#......$.....#......................................#........#.............................................................#.....$.....#............................................
................................................................................#......$.....#......................................##.......#.............................................................#.....$.....#............................................
................................................................................#......$.....#.......................................##......#.............................................................#.....$.....#............................................
................................................................................#......$.....#........................................#......#.............................................................#.....$.....#............................................
................................................................................#......$.....#........................................##....##.............................................................#.....$.....#............................................
................................................................................#......$.....#.........................................##..##..............................................................#.....$.....#............................................
................................................................................#......$.....#..........................................####...............................................................#.....$.....#............................................
................................................................................#......$.....#.............................................................................................................#.....$.....#............................................
................................................................................#......$.....#.............................................................................................................#.....$.....#............................................
................................................................................#......$.....#.............................................................................................................#.....$.....#............................................
................................................................................#......$.....#.............................................................................................................#.....$.....#............................................
................................................................................#.....$$.....#.............................................................................................................#.....$.....#............................................
...............................................................................##.....$......#............................................................................................................##.....$.....#............................................
...............................................................................#......$......#............................................................................................................#......$.....#............................................
...............................................................................#......$......#............................................................................................................#......$.....#............................................
...............................................................................#......$......#............................................................................................................#......$.....#............................................
...............................................................................#......$......#............................................................................................................#......$.....#............................................
...............................................................................#......$......#............................................................................................................#......$.....#............................................
...............................................................................#......$......#............................................................................................................#......$.....#............................................
...............................................................................#......$......#............................................................................................................#......$.....#............................................
...............................................................................#......$......#............................................................................................................#......$.....#............................................
...............................................................................#......$......#............................................................................................................#......$.....#............................................
...............................................................................#......$......#............................................................................................................#......$.....#............................................
...............................................................................#......$......#............................................................................................................#......$.....#............................................
..............................................................................##......$......#............................................................................................................#......$.....#............................................
..............................................................................#.......$......#............................................................................................................#......$.....#............................................
..............................................................................#.......$......#............................................................................................................#......$.....#............................................
..............................................................................#.......$......#............................................................................................................#......$.....#............................................
..............................................................................#.......$......#............................................................................................................#......$.....#............................................
..............................................................................#.......$......#............................................................................................................#......$.....#............................................
..............................................................................#.......$......#............................................................................................................#.....$$.....#............................................
..............................................................................#.......$......#...........................................................................................................##.....$......#............................................
..............................................................................#......$$......#...........................................................................................................#......$......#............................................
.............................................................................##......$.......#...........................................................................................................#......$......#............................................
.............................................................................#.......$.......#...........................................................................................................#......$......#............................................
.............................................................................#.......$.......#...........................................................................................................#......$......#............................................
.............................................................................#.......$.......#...........................................................................................................#......$......#............................................
.............................................................................#.......$.......#...........................................................................................................#......$......#............................................
.............................................................................#.......$.......#...........................................................................................................#......$......#............................................
.............................................................................#.......$.......#...........................................................................................................#......$......#............................................
.............................................................................#.......$.......#...........................................................................................................#......$......#............................................
............................................................................##.......$.......#...........................................................................................................#......$......#............................................
............................................................................#........$.......#...........................................................................................................#......$......#............................................
............................................................................#........$.......#...........................................................................................................#......$......#............................................
............................................................................#........$.......#..........................................................................................................##......$......#............................................
............................................................................#.......$$.......#..........................................................................................................#.......$......#............................................
...........................................................................##.......$........#..........................................................................................................#.......$......#............................................
...........................................................................#........$........#..........................................................................................................#.......$......#............................................
...........................................................................#........$........#..........................................................................................................#.......$......#............................................
...........................................................................#........$........#..........................................................................................................#.......$......#............................................
...........................................................................#........$........#..........................................................................................................#.......$......#............................................
..........................................................................##........$........#..........................................................................................................#......$$......#............................................
..........................................................................#.........$........#.........................................................................................................##......$.......#............................................
..........................................................................#........$$........#.........................................................................................................#.......$.......#............................................
..........................................................................#........$$........#.........................................................................................................#.......$.......#............................................
.........................................................................##........$.........#.........................................................................................................#.......$.......#............................................
.........................................................................#.........$.........#.........................................................................................................#.......$.......#............................................
.........................................................................#.........$.........#.........................................................................................................#.......$$......#............................................
.........................................................................#.........$.........#........................................................................................................##...............##...........................................
.........................................................................#.........$.........#........................................................................................................#........$........#...........................................
........................................................................##.........$.........#........................................................................................................#........$........#...........................................
........................................................................#..........$.........#........................................................................................................#........$........#...........................................
........................................................................##.........$.........#........................................................................................................#........$........#...........................................
.........................................................................#.........$.........#.......................................................................................................##........$........#...........................................
.........................................................................#.........$.........#.......................................................................................................#.........$........#...........................................
.........................................................................#.........$.........#......................................................................######...........................#.........$........#...........................................
.........................................................................#.........$........##......................................................................#....######.....................##..................#...........................................
.........................................................................#.........$........#.......................................................................###.......######................#...................#...........................................
.........................................................................#.........$........#.........................................................................###..........########.......###..................##...........................................
.........................................................................##........$........#...........................................................................###...............#########....................#............................................
..........................................................................#........$........#.............................................................................###..........................................#............................................
..........................................................................#........$........#...............................................................................##.........................................#............................................
..........................................................................#........$$.......#................................................................................###.......................................#............................................
..........................................................................##.......$.......##..................................................................................##.....................................##............................................
...........................................................................#.......$.......#....................................................................................###...................................#.............................................
...........................................................................#.......$.......#......................................................................................##..................................#.............................................
...........................................................................#.......$.......#.......................................................................................##.................................#.............................................
...........................................................................##.......$......#........................................................................................##...............................##.............................................
............................................................................#.......$.....##.........................................................................................##..............................#..............................................
............................................................................##......$.....#...........................................................................................##.............................#..............................................
.............................................................................#......$.....#............................................................................................##...........................##..............................................
.............................................................................#......$....##.............................................................................................##..........................#...............................................
.............................................................................##..........#...............................................................................................##........................##...............................................
..............................................................................##........##................................................................................................##.......................#................................................
...............................................................................##......##..................................................................................................#......................##................................................
................................................................................##....##...................................................................................................##.....................#.................................................
.................................................................................######.....................................................................................................##...................##.................................................
.............................................................................................................................................................................................##..................#..................................................
..............................................................................................................................................................................................#.................##..................................................
..............................................................................................................................................................................................##...............##...................................................
...............................................................................................................................................................................................#..............##....................................................
...............................................................................................................................................................................................##............##.....................................................
................................................................................................................................................................................................##..........##......................................................
.................................................................................................................................................................................................#.........##.......................................................
.................................................................................................................................................................................................##......###........................................................
..................................................................................................................................................................................................##...###..........................................................
...................................................................................................................................................................................................#...#............................................................
